1001042821
1001042820
1001042819
1000001597
1001042818
1000529557
1000143528
1000069880
1000069548
1000142006
1000127962
1000140849
1000133699
1001042817
1000093225
1000414768
1001042816
1000361048
1000263998
1000915355
1000019105
1001042815
1001042814
1001042813
1001042812
1001042811
1001042810
1001042809
1001042808
1001042807
1001042806
1001042805
1001042804
1001042803
1001042802
1001042801
1001042800
1001042799
1001042798
1001042797
1001042796
1001042795
1001042794
1001042793
1001042792
1001042791
1001042790
1001042789
1001042788
1001042787
1001042786
1001042785
1001042784
1001042783
1001042782
1001042781
1001042780
1001042779
1001042778
1001042777
1001042776
1001042775
1001042774
1001042773
1001042772
1001042771
1001042770
1001042769
1000009084
1000162619
1000336001
1001042768
1000004144
1001042767
1001042766
1001042765
1001042764
1001042763
1001042762
1001042761
1001042760
1001042759
1001042758
1001042757
1001042756
1001042755
1001042754
1001042753
1001042752
1001042751
1001042750
1001042749
1001042748
1001042747
1001042746
1001042745
1001042744
1001042743
1001042742
1001042741
1001042740
1001042739
1001042738
1001042737
1001042736
1001042735
1001042734
1000223391
1001042733
1001042732
1001042731
1001042730
1000320126
1000557750
1000364724
1000000057
1001042729
1001042728
1000109953
1001042727
1001042726
1001042725
1001042724
1001042723
1001042722
1001042721
1001042720
1001042719
1001042718
1001042717
1001042716
1001042715
1001042714
1001042713
1001042712
1001042711
1001042710
1000543174
1001042709
1001042708
1001042707
1000934251
1001042706
1001042705
1001042704
1001042703
1001042702
1001042701
1001042700
1000193528
1001042699
1001042698
1001042697
1001042696
1001042695
1001042694
1001042693
1000198557
1001042692
1000000034
1001042691
1001042690
1001042689
1001042688
1001042687
1000198453
1001042686
1000241412
1001042685
1001042684
1000054112
1000085074
1000541997
1001042683
1001042682
1000823304
1001042681
1000092856
1000241384
1000097865
1001042680
1000823396
1001042679
1001042678
1000281045
1000001769
1000252431
1000396535
1000086207
1000847530
1000129914
1001042677
1000191751
1000197320
1001042676
1000769823
1000191766
1001042675
1000130730
1001042674
1001042673
1001042672
1000254996
1001042671
1001042670
1001042669
1001042668
1000270449
1001042667
1001042666
1001042665
1000164799
1000703700
1000533222
1000415641
1000275843
1000415218
1000419527
1000420418
1000417307
1000271674
1000416327
1000415794
1000413810
1000412692
1000411789
1000420019
1000420228
1000418280
1000416799
1000416703
1000416306
1000413048
1000412731
1000412274
1000416759
1000419329
1000416532
1000416350
1000417554
1000417512
1000412589
1000418705
1000412154
1000416420
1000415887
1001042664
1000412405
1000412139
1000005248
1000557744
1000319980
1000216694
1000210868
1001042663
1001042662
1001042661
1000579967
1001042660
1001042659
1001042658
1001042657
1001042656
1001042655
1001042654
1001042653
1001042652
1001042651
1001042650
1001042649
1000578483
1001042648
1000516468
1000516361
1000511260
1001042647
1001042646
1001042645
1001042644
1001042643
1001042642
1000534001
1001042641
1001042640
1000211527
1000216456
1000214627
1001042639
1000215501
1000218301
1000215669
1000218148
1000219021
1000212498
1000218509
1000216360
1001042638
1001042637
1001042636
1001042635
1001042634
1001042633
1001042632
1001042631
1001042630
1001042629
1001042628
1001042627
1001042626
1001042625
1001042624
1001042623
1001042622
1001042621
1001042620
1000218550
1000215650
1000218213
1001042619
1000212012
1000213768
1000214720
1000218279
1000215905
1001042618
1000210986
1000218111
1000865959
1001042617
1001010937
1000567007
1001042616
1001042615
1000130221
1000133471
1000133787
1000140512
1000139034
1000131943
1001042614
1001042613
1001042612
1000595243
1001042611
1000583210
1000884285
1000583235
1000855339
1000494652
1001042610
1000318843
1001042609
1001042608
1001042607
1001042606
1001042605
1001042604
1001042603
1001042602
1001042601
1001042600
1001042599
1001042598
1001042597
1001042596
1000067579
1000136188
1000136108
1000720443
1000145031
1000145160
1000141379
1000128709
1000126173
1000132491
1000138131
1000142936
1000131826
1000143673
1000133757
1001042595
1000135329
1000136118
1000139550
1001042594
1001042593
1000795567
1000722690
1001042592
1000714535
1001042591
1000193948
1000199584
1001042590
1001042589
1000930039
1000703676
1000770458
1000133842
1000232878
1000138646
1000713310
1000713438
1000142528
1000707491
1000136506
1000175814
1001042588
1000171274
1001042587
1000159367
1000176261
1000728479
1000178039
1001042586
1000158032
1000176190
1001042585
1000176252
1001042584
1000549488
1000176459
1000176384
1000174905
1000706314
1000168060
1000165997
1000176313
1000174900
1000174414
1000157751
1000176247
1001042583
1000176332
1001042582
1000157808
1000172446
1000170398
1000169838
1000898119
1000172352
1000176228
1000160660
1000166910
1000174546
1000157783
1001042581
1001042580
1000533194
1000533168
1000171784
1000172232
1000158255
1000175685
1000777332
1000160697
1000166350
1000168639
1000172083
1000171867
1000175964
1000169602
1000174860
1000178058
1000922080
1000170952
1000178161
1000778935
1000157912
1000175794
1000255362
1000255652
1000021656
1001042579
1001042578
1001042577
1001042576
1001042575
1001042574
1000022554
1001042573
1001042572
1000554361
1001042571
1001042570
1001042569
1001042568
1001042567
1001042566
1001042565
1001042564
1001042563
1000889706
1000239034
1000234322
1000532956
1000799755
1001042562
1000952697
1001042561
1000578859
1001042560
1000459996
1000095464
1000117899
1001042559
1000581050
1000773026
1001042558
1000191301
1000415774
1000193976
1000192402
1000194472
1000299852
1001042557
1000000053
1000192891
1001042556
1000195790
1000198996
1000198995
1001042555
1000444498
1000015445
1000239403
1000165986
1001042554
1001042553
1001042552
1001042551
1000012661
1000592853
1000592770
1000592755
1000591459
1000586599
1000908269
1000245316
1000139184
1000167310
1001042550
1000571103
1001042549
1001042548
1000212894
1001042547
1000458190
1000218129
1000299882
1000022767
1000010902
1000212914
1000237892
1001042546
1000538518
1000538476
1000070327
1000571079
1000018942
1001042545
1000405232
1001042544
1000404913
1000493785
1001042543
1000175779
1000538374
1000726297
1000142573
1000177677
1001042542
1000165189
1000165610
1000172493
1000159627
1001042541
1000880843
1000000761
1001042540
1001042539
1000587375
1001042538
1000883457
1000531989
1000005135
1000096889
1000834340
1001042537
1001042536
1001042535
1000029674
1001042534
1001042533
1000117055
1000363651
1000571065
1000213622
1000072743
1000741636
1000705798
1000168794
1000117071
1000870966
1001042532
1001042531
1001042530
1000271362
1000279168
1000276113
1001042529
1000284194
1000862462
1000752347
1001042528
1001042527
1001042526
1000334030
1001042525
1001042524
1000140564
1000698888
1000265216
1001042523
1001042522
1001042521
1001042520
1001042519
1000095273
1001042518
1000108063
1000093828
1000716000
1000109894
1000117038
1001042517
1001042516
1001042515
1000273435
1000100911
1001042514
1000093786
1000104453
1000102859
1001042513
1000542547
1000573905
1000775996
1000094067
1000104720
1000102974
1000113988
1001042512
1000316550
1000108555
1000115588
1000115054
1001042511
1000342991
1000121646
1001042510
1001042509
1000103811
1000337002
1000585754
1001042508
1001042507
1001042506
1000105680
1000350535
1001042505
1000117950
1000106775
1001042504
1001042503
1000108406
1000096010
1000127651
1001042502
1000128789
1000018357
1000907038
1000065884
1000053716
1000237650
1000910612
1000059777
1000209400
1001042501
1001042500
1000962200
1001042499
1000833612
1001042498
1000140006
1000836852
1001042497
1001042496
1001042495
1001042494
1000738644
1000395769
1000836502
1000238766
1001042493
1000437837
1000133744
1000169169
1000020668
1000139184
1000124998
1000236793
1001042492
1001042491
1001042490
1000049704
1001042489
1000055295
1000051201
1000213297
1000053140
1000054700
1000055906
1000055289
1000053820
1000055408
1000052854
1001042488
1000051059
1001042487
1000052162
1000050889
1000053803
1001042486
1001042485
1000592872
1000850049
1000054896
1000253623
1001042484
1001042483
1001042136
1000051547
1001042482
1001042481
1000050788
1001042480
1001042479
1001042478
1000051748
1000052478
1000052270
1000051905
1000052635
1000756966
1000052527
1000054727
1000052439
1000055625
1000049243
1000051180
1001042477
1000053844
1001042476
1000753623
1000281693
1000055093
1001042475
1000050226
1000951725
1000767745
1001042474
1000780372
1000315228
1000518506
1000731410
1000173703
1000054312
1000054771
1000207419
1001042473
1000273246
1000264292
1000280552
1001042472
1000051458
1001042471
1000052359
1000052520
1001042470
1000316927
1000321066
1000557589
1000314223
1000560552
1000560774
1000318450
1000319925
1000324223
1000322309
1000325186
1001042469
1001042468
1001042467
1000316168
1001042466
1001042465
1000009853
1001042464
1001042463
1001042462
1000458117
1001042461
1001042460
1001042459
1001042458
1001042457
1001042456
1000459183
1000739275
1000428496
1001042455
1001042454
1000459597
1001042453
1001042452
1000191085
1000193994
1000195074
1000195512
1000191441
1000195805
1001042451
1000718524
1000194451
1000549847
1000766703
1000192350
1000190786
1000194987
1001042450
1000211914
1001042449
1001042448
1001042447
1001042446
1001042445
1001042444
1001042443
1001042442
1001042441
1001042440
1001042439
1001042438
1001042437
1001042436
1001042435
1001042434
1001042433
1000273720
1001042432
1000283590
1000750546
1000280145
1000270414
1000272534
1000266702
1000198024
1000989084
1000771810
1000192735
1001042431
1001042430
1001042429
1001042428
1001042427
1001042426
1001042425
1001042424
1000000870
1000027310
1000027968
1000027767
1000195632
1000193594
1000771208
1001042423
1001042422
1001042420
1001042419
1000190609
1001042418
1000283639
1000270429
1001042417
1000556897
1001042416
1001042415
1001042397
1001042414
1001042394
1001042032
1001042413
1000552920
1000322769
1000324397
1000321344
1000015519
1000318307
1001007491
1000558256
1000324574
1000555222
1001042412
1001042411
1001042410
1000317299
1001042409
1001042408
1001042407
1001042406
1001042405
1001042404
1001042403
1001042402
1001042401
1001042400
1001042399
1001042398
1000972931
1001042396
1001042395
1001042393
1001042392
1001042391
1001042390
1001042389
1001042388
1001042387
1001042263
1001042386
1001042385
1001042384
1001042146
1001042383
1001042382
1001042381
1001042380
1001042379
1001042378
1001042377
1001042376
1001042375
1001042374
1001042373
1001042372
1000768493
1001042371
1001042370
1001042369
1001042368
1001042367
1001042366
1001042365
1001042364
1001042363
1001042362
1001042361
1001042360
1001042359
1001042358
1001042357
1001042356
1001042355
1001042354
1001042353
1000459264
1000428435
1001042352
1001042351
1001042350
1001042349
1001042348
1001042347
1001042346
1001042345
1001042344
1001042343
1001042342
1001042341
1001042340
1000052476
1001042339
1001042338
1001042337
1001042336
1001042335
1001042334
1001042333
1001042332
1001042331
1001042330
1001042329
1001042328
1001042327
1001042326
1001042325
1001042324
1001042323
1001042322
1001042321
1001042320
1001042319
1001042256
1001042252
1001041904
1001042318
1001042317
1001042316
1001042249
1001042315
1001042314
1001042313
1001042312
1001042311
1000027624
1000021653
1001042310
1001042309
1001042308
1001042307
1001042306
1001042305
1000001570
1001042304
1000014437
1001042303
1001042302
1000458556
1001042301
1001042300
1001042299
1000016151
1001042298
1001042297
1001042296
1001042295
1001042294
1001042293
1001042292
1000018292
1001042291
1000006564
1001042290
1001042289
1001042288
1001042287
1000016117
1001042286
1000018647
1001042285
1001042284
1001042283
1000212104
1000214574
1001042282
1001042281
1001042280
1000029253
1000434311
1001042279
1000021812
1001042278
1000762796
1001042277
1001042276
1001042275
1000002194
1000270630
1001042274
1000538254
1000267813
1000018839
1001042273
1001042272
1000273578
1000016534
1000245905
1000246014
1001042271
1001042270
1000745372
1000278667
1000073378
1000072851
1000073893
1000539674
1000075290
1000075597
1000077128
1000539875
1000538735
1000539657
1000244313
1001042269
1001042268
1001042267
1000330539
1000012151
1000959992
1000313242
1000322650
1000320357
1000319722
1000317753
1000321698
1000324662
1000318621
1000553782
1000314220
1000313740
1000710152
1001042266
1000721614
1001042265
1001042264
1000318180
1000531567
1001042262
1001042261
1001042260
1001042259
1001042258
1001042257
1001042255
1001042254
1001042253
1001042251
1001042250
1001042248
1001042247
1001042246
1001042245
1001042244
1001042243
1001042242
1000320370
1000320255
1000322348
1000319813
1000323621
1000323228
1000319531
1000321702
1000744528
1000318887
1000325258
1000315580
1000553436
1000573498
1001042241
1001042240
1001042239
1001042238
1000318326
1001042237
1000052055
1001042236
1001042235
1000345630
1001042234
1000586950
1001042233
1000586760
1000586762
1000586569
1000575453
1000575405
1000575459
1000575460
1000575461
1000575366
1001042232
1001042231
1001042230
1001042229
1001042228
1001042227
1001042226
1001042225
1001042224
1001042223
1001042222
1001042221
1001042220
1001042219
1000298709
1000305795
1000303997
1000302617
1000308221
1000307470
1000302347
1000300280
1001042218
1000305177
1000299356
1000302336
1001042217
1001042216
1001042215
1001042214
1001042213
1001042212
1001042211
1001042210
1001042209
1001042208
1000460173
1000460593
1000734811
1001042207
1001042206
1001042205
1001042204
1000781678
1001042203
1001042202
1000775960
1001042201
1000771164
1000877077
1001042200
1001042199
1000704091
1001042198
1000756201
1001042197
1001042196
1001042195
1000013596
1001042194
1000530332
1000020600
1001042193
1001042192
1001042191
1001042190
1001042189
1001042188
1001042187
1001042186
1001042185
1001040353
1001042184
1001042183
1001042182
1001042181
1001042180
1001042179
1000252619
1000252663
1001042178
1000333997
1000354792
1000573293
1000363832
1000361544
1000342273
1000363673
1001042177
1001042176
1001042175
1000568306
1000365895
1000367545
1000772388
1000332238
1000908852
1001042174
1001042173
1001042172
1001042171
1001042170
1001042169
1001042168
1001042167
1000357726
1001042166
1001042165
1001042164
1001042163
1001042162
1001042161
1001042160
1001042159
1001042158
1001042157
1001042156
1001042155
1001042154
1001042153
1001042152
1000722820
1001042151
1001042150
1001042149
1001042148
1001042147
1001042145
1001042144
1001042143
1000053453
1001042142
1001042141
1000864062
1001042140
1001042139
1001042138
1001042137
1000019701
1000020394
1000526482
1001042135
1001042134
1001042133
1001042132
1001042131
1000363745
1000341300
1001042130
1000340571
1000366812
1001042129
1001042128
1001042127
1001042126
1000338090
1000361199
1001042125
1001042124
1001042123
1001042122
1001042121
1001042120
1001042119
1001042118
1001042117
1001042116
1001042115
1001042114
1001042113
1001042112
1001042111
1001042110
1001042109
1001042108
1000574391
1001042107
1001042106
1001042105
1001042104
1001042103
1001042102
1001042101
1001042100
1001042099
1001042098
1001042097
1001042096
1001042095
1001042094
1001042093
1000335693
1000337390
1000336916
1001042092
1001042091
1000346029
1001042090
1001042089
1001042088
1001042087
1000459638
1000918283
1000343293
1000571448
1000344512
1000571175
1000742325
1001042086
1001042085
1001042084
1000341042
1000997479
1000751223
1000782666
1000343920
1000341414
1000349910
1000344628
1000699066
1000336546
1000571501
1000333671
1000368757
1000764100
1000359807
1000344929
1000334294
1000345128
1000367305
1000713505
1000926249
1001042083
1000572453
1001042082
1001042081
1000347461
1001042080
1001042079
1001042078
1001042077
1001042076
1001042075
1001042074
1001042073
1001042072
1001042071
1001042070
1001042069
1001042068
1001042067
1001042066
1001042065
1001042064
1001042063
1001042062
1001042061
1001042060
1001042059
1001042058
1001042057
1001042056
1001042055
1001042054
1001042053
1001042052
1001042051
1001042050
1001042049
1000097646
1000108544
1000107953
1001042048
1001042047
1001042046
1001042045
1001042044
1001042043
1001042042
1001042041
1001042040
1001042039
1000094094
1000106485
1000700524
1000110611
1001042038
1001042037
1001042036
1000952399
1001042035
1001042034
1001042033
1001042031
1001042030
1001042029
1001042028
1001042027
1001042026
1001042025
1001042024
1001042023
1001042022
1000102257
1000100720
1000112436
1001042021
1001042020
1000113400
1000094165
1001042019
1001042018
1001042017
1001042016
1000014607
1000024378
1001042015
1001042014
1001042013
1001042012
1000004891
1001042011
1001042010
1001042009
1001042008
1001042007
1001042006
1001042005
1001042004
1001042003
1001042002
1000008894
1001042001
1000029227
1000333033
1001042000
1001041999
1001041998
1001041997
1001041996
1001041995
1001041994
1001041993
1000011933
1001041992
1001041991
1001041990
1001041989
1001041988
1001041987
1001041986
1001041985
1001041984
1001041983
1001041982
1000017076
1000315195
1000499758
1000574543
1000854227
1000241137
1000234012
1000233991
1000233968
1000233944
1000538842
1000770427
1000022367
1001041981
1000280050
1000083844
1001041980
1001041979
1000214556
1000317181
1000529977
1000741942
1001041978
1000320823
1000028218
1000108069
1001041977
1000771605
1001041976
1000546446
1000094899
1001018571
1001041975
1001041974
1000334893
1001041973
1001041972
1000340202
1000341795
1001041971
1000750094
1000818591
1000779262
1000023832
1000589328
1001041970
1001041969
1000074700
1000887816
1001041968
1000368210
1001041967
1001041966
1000401455
1001041965
1000812309
1001041964
1001041963
1001041962
1001041961
1000844938
1001041960
1001041959
1001041958
1000330010
1001041957
1001041956
1000233076
1000276810
1000174835
1001041955
1000965129
1001041954
1000114780
1000348241
1000361310
1000330348
1001041953
1000352576
1000337660
1001041952
1000350003
1000359311
1000354036
1000701166
1000331541
1000337380
1000574880
1000815269
1000338538
1000356527
1000339948
1000334037
1000357167
1000356519
1000346235
1000341652
1000337884
1000361673
1000335335
1000340939
1000715352
1000349852
1000336843
1000345033
1000349726
1000338678
1000713208
1000572584
1000348788
1001041951
1001041950
1001041949
1001041948
1000572574
1001041947
1001041946
1001041945
1001041944
1001041943
1001041942
1001041941
1001041940
1001041939
1001041938
1001041937
1000018093
1001041936
1001041935
1000100357
1001041934
1001041933
1001041932
1001041931
1001041930
1001041929
1001041928
1001041927
1001041926
1001041925
1001041924
1000534264
1001041923
1001041922
1000057722
1001041921
1001041920
1001041919
1000539955
1000930869
1001041918
1000101656
1000095800
1001041917
1000539043
1000351874
1000573575
1000331258
1000863059
1000761908
1000748762
1001041916
1000084235
1001041915
1001041914
1000114513
1000359232
1000749112
1000324978
1000529976
1001041913
1000737458
1000537102
1000529910
1000944304
1001041912
1001041911
1001041910
1001041909
1001041908
1001041907
1001041906
1001041905
1000029379
1001041903
1001041902
1001041901
1001041900
1001041899
1001041898
1001041897
1000815156
1000017699
1000018587
1001041896
1001041895
1000720776
1000172525
1000023990
1001041894
1001041893
1001041892
1001041891
1000811758
1001041890
1001041889
1001041888
1001041887
1001041886
1000020708
1001041885
1001041884
1000301770
1001041882
1001041881
1001041880
1000017073
1000005150
1001041877
1001041876
1001041875
1000017722
1000754392
1001041874
1001041873
1000004702
1001041872
1000698559
1001041871
1000017292
1001041870
1000015534
1000018790
1001041869
1000017828
1001041868
1000867400
1000015938
1000017490
1000029062
1001041867
1000022967
1000018869
1000981715
1000016300
1000003441
1000018393
1001041866
1001041864
1001041863
1000018788
1001041862
1001041861
1000019075
1001041860
1001041859
1000922025
1000027442
1001041858
1001041857
1001041856
1000792802
1000004811
1000018832
1000018433
1000882971
1001041855
1001041854
1000004987
1000017274
1001041853
1001041852