1000585084|16.824657534246576|5.0
1000120139|3.5616438356164384|2.6
1000510472|12.775342465753425|5.0
1000518663|6.706849315068493|5.0
1000518397|4.86027397260274|4.77
1000514485|7.846575342465753|5.0
1000922836|2.232876712328767|0.39
1000510719|3.8876712328767122|3.15
1000511011|6.786301369863014|5.0
1000922837|3.9287671232876713|3.21
1000244422|6.917808219178082|5.0
1000249613|7.96986301369863|5.0
1000249622|7.112328767123287|5.0
1000133700|5.550684931506849|5.0
1000510651|3.9835616438356163|3.31
1000510154|2.202739726027397|0.34
1000517927|7.624657534246575|5.0
1000515409|8.504109589041096|5.0
1000515882|10.931506849315069|5.0
1000245241|4.06027397260274|3.43
1000245425|9.027397260273972|5.0
1000813526|6.5917808219178085|5.0
1000783152|5.1945205479452055|5.0
1000233408|5.013698630136986|5.0
1000253636|3.676712328767123|2.79
1000176740|11.926027397260274|5.0
1000245197|4.813698630136987|4.69
1000902804|3.7424657534246575|2.9
1000104662|4.6876712328767125|4.48
1000112145|4.704109589041096|4.51
1000176743|3.8356164383561646|3.06
1000719072|7.739726027397261|5.0
1000159183|5.126027397260274|5.0
1000167895|5.1726027397260275|5.0
1000158553|6.063013698630137|5.0
1000168571|6.802739726027397|5.0
1000159300|6.8712328767123285|5.0
1000166100|3.010958904109589|1.68